==1020404== Memcheck, a memory error detector
==1020404== Copyright (C) 2002-2017, and GNU GPL'd, by Julian Seward et al.
==1020404== Using Valgrind-3.18.1 and LibVEX; rerun with -h for copyright info
==1020404== Command: ./push_swap 464 244 140 329 168 143 25 428 180 403 233 366 79 395 121 429 5 141 203 14 59 359 477 340 187 50 160 432 355 95 37 170 162 118 130 408 32 80 268 396 90 450 18 151 12 97 441 264 368 166 283 53 360 414 488 35 253 469 13 148 376 247 100 401 124 31 226 392 250 251 314 423 43 174 199 115 23 220 179 236 431 496 178 443 286 54 452 327 240 400 192 39 347 62 344 61 4 89 465 321 86 225 419 468 91 131 211 453 6 142 379 49 72 387 362 466 284 354 449 298 415 252 94 248 292 171 243 320 69 106 92 22 122 9 322 424 297 177 134 56 46 153 421 483 377 116 219 205 165 138 330 480 20 279 499 369 51 67 182 209 276 125 418 411 382 302 113 112 274 213 433 126 448 241 282 7 445 389 136 438 232 176 17 58 224 341 315 217 493 467 328 334 336 478 185 462 234 339 119 99 146 385 183 312 111 440 260 246 196 390 489 45 307 221 348 459 263 114 295 381 444 231 333 491 454 123 343 216 120 74 439 186 378 238 127 342 158 137 306 497 172 255 434 272 200 294 155 24 41 29 280 463 372 40 353 472 105 64 258 393 202 436 212 21 34 311 82 303 194 159 256 494 319 412 455 270 487 305 190 291 73 15 42 128 229 189 447 490 365 47 214 325 78 474 375 485 27 324 117 473 277 261 437 156 288 271 475 500 193 296 357 399 460 461 152 198 300 323 335 104 363 278 290 267 77 161 188 181 230 207 482 285 81 129 249 163 3 265 191 435 254 446 150 222 345 310 145 426 361 109 427 228 394 492 103 397 273 405 195 332 204 425 350 70 239 218 281 275 108 30 8 417 410 71 420 52 201 313 456 19 175 96 133 422 110 208 373 337 215 257 88 346 227 63 289 470 57 197 139 266 223 75 409 481 430 352 132 164 498 169 384 451 331 87 386 206 98 262 479 144 374 457 147 293 371 301 184 391 458 154 65 442 11 235 367 364 44 93 299 380 28 242 173 476 107 398 38 60 36 259 83 351 135 416 318 404 402 2 471 16 326 1 33 269 68 413 149 406 101 66 383 356 48 484 167 26 370 316 245 76 10 358 102 349 308 287 157 55 486 388 495 338 210 309 317 85 407 84 304 237 0
==1020404== Parent PID: 1003850
==1020404== 
==1020404== 
==1020404== HEAP SUMMARY:
==1020404==     in use at exit: 0 bytes in 0 blocks
==1020404==   total heap usage: 35,614 allocs, 35,614 frees, 5,427,058 bytes allocated
==1020404== 
==1020404== All heap blocks were freed -- no leaks are possible
==1020404== 
==1020404== For lists of detected and suppressed errors, rerun with: -s
==1020404== ERROR SUMMARY: 0 errors from 0 contexts (suppressed: 0 from 0)
